0.693191
0.708892
0.724206
0.701014
0.67949
0.66521
0.645482
0.633893
0.637273
0.649483
0.681382
0.715069
0.735075
0.69806
0.660598
0.634158
0.595927
0.584348
0.584506
0.604813
0.634168
0.687139
0.684308
0.679717
0.687834
0.726687
0.721533
0.690869
0.670473
0.638797
0.622579
0.616689
0.622461
0.628659
0.643228
0.655929
0.668681
0.678538
0.692409
0.674979
0.660199
0.657405
0.650456
0.641436
0.635008
0.639164
0.626398
0.614295
0.605483
0.611531
0.633749
0.643513
0.630091
0.609193
0.609409
0.620081
0.669752
0.656561
0.634409
0.633372
0.643404
0.665615
0.697123
0.721388
0.733413
0.759662
0.774934
0.771218
0.771793
0.738134
0.715277
0.690443
0.670683
0.670285
0.690538
0.688615
0.678391
0.669302
0.662608
0.663083
0.675284
0.699082
0.706892
0.720878
0.736997
0.745773
0.741538
0.760621
0.750994
0.740709
0.712176
0.663625
0.62665
0.620118
0.627227
0.681206
0.668656
0.646341
0.63658
0.630985
0.63851
0.653923
0.657689
0.669532
0.64818
0.628937
0.616426
0.606748
0.568946
0.553404
0.552643
0.536633
0.530118
0.53239
0.522731
0.512698
0.508425
0.508442
0.534505
0.566413
0.604192
0.665774
0.67933
0.682336
0.674341
0.672428
0.69196
0.685845
0.657049
0.60846
0.601308
0.605051
0.602975
0.576794
0.571131
0.579697
0.598173
0.616088
0.629256
0.643914
0.653958
0.620991
0.591184
0.589871
0.596273
0.605705
0.617541
0.621948
0.638268
0.631429
0.626656
0.636171
0.63697
0.636208
0.641313
0.645976
0.656815
0.637262
0.579019
0.530937
0.526899
0.525545
0.51279
0.506955
0.529062
0.563007
0.601916
0.646961
0.681134
0.705567
0.708674
0.725209
0.727154
0.731783
0.725587
0.717718
0.715641
0.716865
0.720962
0.735631
0.763959
0.736387
0.712101
0.695301
0.688209
0.695348
0.689687
0.663505
0.623353
0.580297
0.543269
0.519318
0.519165
0.490477
0.45712
0.417049
0.394382
0.375076
0.368209
0.377661
0.428679
0.48394
0.545795
0.594945
0.623606
0.65076
0.646105
0.639008
0.639839
0.642005
0.611726
0.574471
0.573129
0.592106
0.624874
0.628867
0.632657
0.601097
0.571726
0.555951
0.560574
0.573326
0.597735
0.626143
0.653674
0.67973
0.730176
0.736363
0.732234
0.728691
0.725894
0.736728
0.754919
0.769952
0.741164
0.687773
0.647381
0.629506
0.634699
0.662559
0.657305
0.644285
0.61118
0.604344
0.60994
0.640345
0.678412
0.689769
0.688166
0.682436
0.682439
0.676098
0.672693
0.677881
0.681882
0.694198
0.702924
0.705683
0.709634
0.711403
0.707562
0.708196
0.696087
0.649655
0.611316
0.597508
0.590735
0.576003
0.561047
0.548772
0.548557
0.562499
0.605971
0.598744
0.594937
0.594301
0.597021
0.606499
0.619965
0.651674
0.633027
0.615272
0.608626
0.613597
0.627324
0.645708
0.704191
0.689195
0.666318
0.648756
0.644772
0.650233
0.673424
0.671312
0.666576
0.672099
0.660066
0.646893
0.635222
0.63339
