0.777519
0.273214
0.882932
0.661266
0.499523
0.819441
0.604359
0.746728
0.638081
0.400673
0.361541
0.538213
0.471445
0.931147
0.260197
0.431763
0.774241
0.914022
0.696447
0.968317
0.540587
0.811309
0.5246
1.02829
0.304898
0.896583
0.447041
0.761381
0.752169
0.70996
0.826474
0.816371
0.604073
0.363066
0.846437
0.365365
1.01329
0.538447
0.609525
0.517202
0.494387
0.461897
0.379686
0.774596
0.561887
0.382122
0.435167
0.396151
0.560506
0.433568
0.580259
0.55701
0.655181
1.01866
0.698111
0.710229
0.650678
0.660724
0.361701
0.923159
0.52002
0.607073
0.375045
0.343332
0.794548
0.925584
0.660693
0.469095
0.72791
0.361787
0.521747
0.68833
0.633542
0.779595
0.674616
0.911352
0.658352
0.947659
0.773949
0.446901
0.807367
0.635484
0.837645
0.872508
0.727857
0.648227
0.443588
0.481627
0.542782
0.762673
0.734014
0.947409
0.26625
0.61031
0.456691
0.492828
1.03235
0.76072
0.799777
0.509099
0.718351
0.555364
0.842545
0.370955
0.93015
0.580821
0.669106
0.962904
0.472388
0.747612
0.763512
0.674487
0.640572
0.800423
0.431686
0.404508
0.65621
0.447628
0.904097
0.276624
0.660634
0.508776
0.412419
0.931812
0.795968
0.303941
0.537728
0.843894
0.541748
0.632922
0.850859
0.672125
0.363676
0.646824
0.698985
0.67756
0.769693
0.79231
0.910431
0.198749
0.461894
0.817488
0.514743
0.839263
0.80429
0.385808
0.798024
0.665303
0.437639
0.829029
0.511205
0.533822
0.999897
0.708785
0.68524
0.591666
0.995752
0.381186
0.81968
0.339449
0.588806
0.399737
0.813431
0.934315
0.589062
0.430953
0.451146
0.667448
0.337117
0.358784
0.449312
0.663301
0.540068
1.00225
0.458341
0.475465
0.821852
0.897874
0.651276
0.952959
0.592958
0.575665
0.813323
0.333884
0.939741
0.358628
0.737574
0.557949
0.532814
0.875711
0.647369
0.38506
0.662831
0.393041
0.628107
0.642916
0.616992
0.501233
0.791899
0.538999
0.628808
0.347044
0.775672
0.64639
0.367335
0.557893
0.591104
0.477132
0.798783
0.888105
0.705212
0.806374
0.924984
0.483572
0.910886
0.576218
0.760526
0.958007
0.317783
0.580014
0.59473
0.781029
0.6029
0.857758
0.47936
0.903837
0.724251
0.462289
0.878073
0.379315
0.760749
0.489032
0.961585
0.265591
0.531257
0.698047
0.788381
0.567506
0.944669
0.592041
0.708527
0.736658
0.511838
0.606043
1.01095
0.315977
0.916599
0.577178
0.555779
0.793266
0.603934
1.00519
0.117572
0.858484
0.761169
0.798784
0.692147
0.697002
0.756315
0.345502
0.76985
0.828284
0.550964
0.554926
0.617502
0.975772
0.482009
0.448625
0.555827
0.641892
0.580825
0.570897
0.952472
0.55829
0.616067
0.584458
0.96001
0.565385
0.367951
0.393078
0.495878
1.02379
0.276157
0.732065
0.755792
0.884874
0.345531
0.751857
0.708423
0.760523
0.381428
0.918006
0.722466
0.642268
0.553334
0.356685
0.783359
0.594497
0.404589
0.983378
